.Random.seed <-
c(403L, 16L, 171711167L, 505890131L, 1966440132L, -982987025L, 
2116563358L, 1283325407L, 538887775L, -739831435L, -1300589717L, 
1154314337L, 323276926L, 1810305483L, -168155431L, 1401186857L, 
1097621946L, 1647530099L, -344350907L, -1263873060L, -419767618L, 
325771740L, 1046463006L, -1324497405L, 1566548988L, -338790616L, 
147743596L, -1186202969L, 1659221071L, 382073458L, 866142177L, 
-922486257L, -243229744L, -566116085L, -667797103L, -1834748101L, 
-866541999L, -127541604L, 650140131L, 714020930L, 1062908454L, 
-953758690L, 1160054691L, -793494360L, -93395822L, 1521368984L, 
868904824L, 1824582176L, -1985569890L, 1346723326L, 887733284L, 
-31778742L, -1460707428L, -1199827494L, 464884775L, -426662198L, 
-648677385L, 1299002903L, -1279818173L, 1889523628L, 1339923018L, 
-892854266L, 881728290L, 1482934260L, 594687051L, -1965845081L, 
729161886L, -58279734L, -953444333L, -400577969L, 573983498L, 
-958119190L, 986799082L, 306577927L, -2038137717L, -982976352L, 
-1280079311L, 1194647141L, 870554829L, 1566974343L, -1241068355L, 
2118126590L, -821568497L, -307538001L, -552445879L, -459824207L, 
139442678L, -293269631L, -1009540391L, -840765775L, 2049695724L, 
-364526671L, -57890096L, 1023918539L, -55395512L, -1014161043L, 
1024612226L, 1538722810L, -487433611L, 617329890L, 1987709400L, 
-1649226736L, 731865416L, 576367826L, 940233897L, -534608382L, 
955817779L, 671552582L, -747256084L, 995563636L, 688587062L, 
1612281428L, -2118592235L, -1506308096L, -1771855554L, -1102379457L, 
828252302L, -1727167152L, 1790854173L, 859877359L, 2026893388L, 
731301286L, -629578320L, -1052343389L, -245297084L, 1046463792L, 
2078344252L, 899185969L, -1221795602L, 165719744L, 219235251L, 
-243099449L, 1936931228L, -863885989L, 181564948L, -340146102L, 
791799403L, -1845078931L, 1656809779L, 299872003L, -1166598859L, 
1726094368L, 1902661172L, 822286202L, 1806104973L, -248154979L, 
-421357596L, 981038606L, -376286836L, -798359498L, 1325575449L, 
-2073056123L, -936687882L, -1920599967L, -1349041613L, -1855900806L, 
606122817L, -418770782L, -1877304851L, -2095429255L, -1205675980L, 
-1842320979L, 1077838166L, 1082455996L, -1280454379L, -1083004838L, 
958123891L, 1721972743L, 1082357203L, -318474906L, -1646561421L, 
471931867L, 1265263793L, -564612195L, -1801182252L, -760144090L, 
-1390900502L, 1116772576L, 1340390700L, -871712460L, -400728660L, 
792794710L, -121402610L, -2098969579L, -1443937460L, -900190242L, 
2069987250L, 1841594125L, 1416557232L, -1811411893L, 2141988706L, 
-388835230L, 290117417L, -210486181L, 1068287215L, 1571833711L, 
-158489262L, 608936434L, -2034131580L, -1382042753L, 1873849547L, 
-2004672695L, 1446549484L, 1141242963L, -30538027L, -596789432L, 
1862774834L, -428286653L, -1986589552L, -892613735L, 467085128L, 
-1264156789L, 231156185L, -597194667L, 260163632L, -85882057L, 
-1892274448L, 1797129004L, 1953107916L, -58473747L, 578981024L, 
730119824L, -1713924392L, -1267354604L, -2036760821L, -2060500298L, 
72261764L, 1645838304L, -1454336591L, 535228572L, 419606146L, 
-154530578L, -719461115L, -61231651L, -1904837280L, 2036519626L, 
-1663355095L, 1812779587L, 466911920L, 179880471L, 1344807925L, 
937172880L, 2118122076L, -650953230L, -86111183L, -1844486065L, 
1582977877L, -1329496904L, -1830723785L, -229792586L, -712083188L, 
1971604169L, -785368028L, -595338677L, -1951260531L, -673334413L, 
663071472L, -395994175L, 50644067L, 1224242764L, -1505485747L, 
-941166103L, 1449590767L, -1296918462L, 1889746583L, -1311584683L, 
860023209L, 116549296L, -1295167780L, -794853437L, -420473589L, 
1547444907L, -1288057022L, -1233618989L, 1648276708L, -51820174L, 
-1290041043L, 156254948L, 641049520L, 684349505L, -2038528409L, 
865286868L, 579005189L, -1502330805L, 67713630L, -1440732876L, 
-1047000104L, -113434013L, -45855257L, 1278531551L, 688404069L, 
1043360035L, -1641188953L, -439374116L, -902317710L, -463239819L, 
475808528L, 1389346401L, -978542604L, -895302824L, -1782861765L, 
-1825727325L, -1644961388L, 880140014L, 1132522309L, 2115140729L, 
-1575693691L, -1999019211L, -1245531540L, 1959232989L, -1971664352L, 
1149373126L, 1425711580L, -769159258L, 1094054446L, -274018937L, 
243377819L, 213674450L, 1827153686L, -1208471317L, 2136024713L, 
-147339416L, 1393966358L, 244951720L, 1950708887L, 789225127L, 
228508391L, 188344426L, -1739002270L, -1463050781L, 1702422616L, 
1285791349L, 24586365L, -967421590L, 1759681243L, -570421784L, 
958994406L, -1608621527L, -1248479513L, -4440932L, 688532009L, 
-867338458L, -2000939842L, 156142583L, -201452600L, -1024788329L, 
-2100579528L, 1536153012L, -1002825114L, 2090839179L, 1366895700L, 
-108431692L, -1343714630L, 1725508637L, 684088943L, -1320516114L, 
-1030855382L, 24993691L, 1748269633L, 1096516748L, -926678680L, 
-146060035L, -1154966157L, -2138557226L, 1004433774L, -1079996398L, 
1695941789L, -1813070134L, 2054711254L, -1022559978L, -2039817329L, 
-788867758L, -1180737095L, 1702976725L, 1017596678L, 1718525387L, 
1840814854L, -430510835L, 486221641L, 490070439L, 990773204L, 
-2104747958L, -1463901121L, 1227747873L, 1371770518L, -1292934244L, 
-808038015L, 1242305816L, 1409505055L, -864916574L, -321960341L, 
-386215640L, 24532151L, -931898114L, -1085120030L, 996054697L, 
-579415154L, -56805804L, 1664739815L, 621746501L, -1155369220L, 
-723878872L, 942571738L, 1770924379L, -1577625261L, -1303144423L, 
762559006L, 1280852034L, 2118203839L, 60126662L, 366813824L, 
1880334636L, -1493223148L, 602785904L, 572765625L, 170969958L, 
-1645539040L, -1036808515L, 1964628822L, 1918563434L, -1098990636L, 
-1904726780L, -2047451551L, 266997671L, 997577677L, 1852675450L, 
-526203368L, 494005927L, 605514703L, -1510473991L, 1021121863L, 
240175178L, 1823996864L, 878339598L, -203051306L, -1049514425L, 
2052974481L, 582931557L, -414298200L, -1530819292L, -1192190960L, 
1294091833L, 435037923L, 1132075542L, -1263106845L, -1247441512L, 
-479464488L, -451767946L, -105957825L, 217655998L, -1515810640L, 
-1995195058L, -1630249342L, -2044052103L, -469344622L, -2082217091L, 
1933995153L, 955247834L, 2146916695L, 1169761484L, -1186484445L, 
101064498L, -1455121802L, 1997305325L, -1363960124L, 1968601757L, 
-591193440L, -905853749L, -1182969248L, -1130430397L, -996953225L, 
-1591029346L, -1492770385L, 208335062L, 1037575724L, -2012356879L, 
-846726579L, 1158500865L, -1403340646L, 1030671333L, -644492447L, 
2145612654L, -795243766L, 1177995436L, -578633928L, -1500359122L, 
532706430L, 1338600531L, 597941286L, -484891592L, -1661571369L, 
1062771954L, 778821221L, -1932693671L, -875073487L, 456166135L, 
764464502L, 1157946403L, 1631000631L, 979385529L, 1762140672L, 
1626612538L, 940360901L, -1879323368L, -383953869L, -888960119L, 
1291928684L, 1124644176L, 929626006L, -1243650002L, -1951862068L, 
771441009L, -2014057781L, 188915520L, 551926114L, -1851997934L, 
1506158998L, -1573113113L, -1313181747L, 1003250117L, 39586213L, 
-619397870L, -2039401235L, -1084263905L, -547830895L, -1058285240L, 
729697964L, 404679913L, 1368316569L, -124644960L, -290864396L, 
884729239L, 1883449304L, -2138320176L, 766814766L, -711566817L, 
-558619600L, -1123624321L, 1954159453L, -1228844740L, 876848231L, 
-1170232732L, -2040103653L, 697956121L, 825797050L, -1734844208L, 
1288952897L, 1394147069L, -354330830L, 41511485L, 1032620805L, 
1989443114L, 2036287219L, 2072680590L, 1252957213L, -566078498L, 
-726406470L, -335341388L, -1794010784L, 372375468L, 532946076L, 
-2090667419L, -1994083642L, -1605188563L, 1737113845L, -584901117L, 
-1148380146L, -487788166L, -2008243518L, -90819153L, 417729527L, 
-332819610L, 1951708105L, -148138084L, 1306220129L, -688488180L, 
-1079617728L, -1648419763L, 1887855588L, -1041446749L, -1070904907L, 
-1409640760L, -1385924923L, -1061917248L, 1447075441L, 1639886112L, 
1815001002L, -1089925036L, -1859263898L, 1724604092L, -1137115374L, 
1396236754L, -986989700L, 387642050L, -839070620L, 983861977L, 
-1928729139L, 2069697630L, 1316257743L, -218173910L, 1744460475L, 
